// Homunculus Experience Tables
500
1100
1800
2600
3500
6300
9500
13100
17100
21500
31800
43000
55100
68100
82000
108000
135600
164800
195600
228000
280900
336300
394200
454600
517500
615000
709100
810300
915100
1023500
1175800
1333000
1495100
1662100
1834000
2064800
2302000
2545600
2795600
3052000
3384500
3725100
4073800
4430600
4795500
5255900
5726300
6206700
6697100
7197500
7815000
8444600
9086300
9740100
10406000
11212800
12034000
12869600
13719600
14584000
15615300
16663500
17728600
18810600
19909500
21203500
22517100
23850300
25203100
26575500
28173400
29793800
31436700
33102100
34790000
36736000
38707600
40704800
42727600
44776000
47117300
49487500
51886600
54314600
56771500
59558300
62377500
65229100
68113100
71029500
74315000
77636600
80994300
84388100
87818000
91658400
95538800
99459200
0    
