// Guild Experience Tables
20000000
40000000
80000000
140000000
220000000
320000000
440000000
580000000
740000000
920000000
1120000000
1340000000
1580000000
1840000000
2120000000
2420000000
2740000000
3080000000
3440000000
3820000000
4220000000
4640000000
5080000000
5540000000
6020000000
6520000000
7040000000
7580000000
8140000000
8720000000
9320000000
9940000000
10580000000
11240000000
11920000000
12620000000
13340000000
14080000000
14840000000
15620000000
16420000000
17240000000
18080000000
18940000000
19999999990
19999999990
19999999990
19999999990
19999999990
